tree0 <- c(0.016339957723374765, 2.2941501408650948E-7, 1.625237364877857E-4, 6.920919901630847E-8, 7.554237429256148E-4, 0.0029012470734591667, 0.005971608744214271, 8.820063584219781E-5, 0.0011866604742019086, 0.010083295178953022, 4.8433030573168806E-4, 0.00608027754848876, 0.006873734958514135, 0.012541409301220267, 9.808712792077029E-4, 1.2646139111758466E-7, 0.004505319793291003, 0.0019518017152430915, 3.76128609694295E-4, 3.2534171651721113E-7, 0.0045439361349945626, 0.004112953335072649, 0.0017174372923522286, 0.0071536344108002956, 0.002801754342939485, 0.0010702208891136262, 0.07992469868777814, 4.672873219394367E-4, 0.02758207805468864, 0.03160021070061175, 2.456796071789881E-7, 9.834247609099146E-4, 0.015332091464933187, 0.07740591227217392, 5.796715652482698E-4, 0.0022915456798165575, 5.114149272196699E-4, 0.004203714144224752, 1.07443479173498E-6, 0.08645598686255292)
